 *** SoilNit parameters for: run_01***
ROW SPACING (m)
 0.75 
                             Potential rate constants:       Ratios and fractions:
  m      kh     kL       km       kn        kd             fe   fh    r0   rL    rm   fa    nq   cs
 1             0.00007       0.035         0.07          0.2           0.0000001     0.6           0.2           10            50            10            0.1           8             0.00001 
 2             0.00007       0.035         0.07          0.2           0.0000001     0.6           0.2           10            50            10            0.1           8             0.00001 
 3             0.00007       0.035         0.07          0.2           0.0000001     0.6           0.2           10            50            10            0.1           8             0.00001 
 4             0.00007       0.035         0.07          0.2           0.0000001     0.6           0.2           10            50            10            0.1           8             0.00001 
 5             0.00007       0.035         0.07          0.2           0.0000001     0.6           0.2           10            50            10            0.1           8             0.00001 
 6             0.00007       0.035         0.07          0.2           0.0000001     0.6           0.2           10            50            10            0.1           8             0.00001 
 7             0.00007       0.035         0.07          0.2           0.0000001     0.6           0.2           10            50            10            0.1           8             0.00001 
 8             0.00007       0.035         0.07          0.2           0.0000001     0.6           0.2           10            50            10            0.1           8             0.00001 
 9             0.00007       0.035         0.07          0.2           0.0000001     0.6           0.2           10            50            10            0.1           8             0.00001 

