 ***************** NODAL INFORMATION for MAIZSIM *******************************************************
	Node	Nh	Ch	Nm	Nl	Cl	Cm	NH4	NO3	Tmpr	hNew	RTWT
	1	2242.45	26012.42	0.00	0.00	0.00	0.00	0.00	253.30	23.00	0.31	0.000000
	2	2242.45	26012.42	0.00	0.00	0.00	0.00	0.00	253.30	23.00	0.31	0.000000
	3	2242.45	26012.42	0.00	0.00	0.00	0.00	0.00	253.30	23.00	0.31	0.000000
	4	2242.45	26012.42	0.00	0.00	0.00	0.00	0.00	253.30	23.00	0.31	0.000000
	5	2242.45	26012.42	0.00	0.00	0.00	0.00	0.00	253.30	23.00	0.31	0.000000
	6	2242.45	26012.42	0.00	0.00	0.00	0.00	0.00	253.30	23.00	0.31	0.000000
	7	2242.45	26012.42	0.00	0.00	0.00	0.00	0.00	253.30	23.00	0.31	0.000000
	8	2242.45	26012.42	0.00	0.00	0.00	0.00	0.00	253.30	23.00	0.31	0.000000
	9	2242.45	26012.42	0.00	0.00	0.00	0.00	0.00	253.30	23.00	0.31	0.000000
	10	2242.45	26012.42	0.00	0.00	0.00	0.00	0.00	253.30	23.00	0.31	0.000000
	11	2240.95	25994.96	0.00	0.00	0.00	0.00	0.00	253.13	23.00	0.31	0.000000
	12	2240.95	25994.96	0.00	0.00	0.00	0.00	0.00	253.13	23.00	0.31	0.000000
	13	2240.95	25994.96	0.00	0.00	0.00	0.00	0.00	253.13	23.00	0.31	0.000000
	14	2240.95	25994.96	0.00	0.00	0.00	0.00	0.00	253.13	23.00	0.31	0.000000
	15	2240.95	25994.96	0.00	0.00	0.00	0.00	0.00	253.13	23.00	0.31	0.000000
	16	2240.95	25994.96	0.00	0.00	0.00	0.00	0.00	253.13	23.00	0.31	0.000000
	17	2240.95	25994.96	0.00	0.00	0.00	0.00	0.00	253.13	23.00	0.31	0.000000
	18	2240.95	25994.96	0.00	0.00	0.00	0.00	0.00	253.13	23.00	0.31	0.000000
	19	2240.95	25994.96	0.00	0.00	0.00	0.00	0.00	253.13	23.00	0.31	0.000000
	20	2240.95	25994.96	0.00	0.00	0.00	0.00	0.00	253.13	23.00	0.31	0.000000
	21	2239.44	25977.50	0.00	0.00	0.00	0.00	0.00	252.96	23.00	0.31	0.000000
	22	2239.44	25977.50	0.00	0.00	0.00	0.00	0.00	252.96	23.00	0.31	0.000000
	23	2239.44	25977.50	0.00	0.00	0.00	0.00	0.00	252.96	23.00	0.31	0.000000
	24	2239.44	25977.50	0.00	0.00	0.00	0.00	0.00	252.96	23.00	0.31	0.000000
	25	2239.44	25977.50	0.00	0.00	0.00	0.00	0.00	252.96	23.00	0.31	0.000000
	26	2239.44	25977.50	0.00	0.00	0.00	0.00	0.00	252.96	23.00	0.31	0.000000
	27	2239.44	25977.50	0.00	0.00	0.00	0.00	0.00	252.96	23.00	0.31	0.000000
	28	2239.44	25977.50	0.00	0.00	0.00	0.00	0.00	252.96	23.00	0.31	0.000000
	29	2239.44	25977.50	0.00	0.00	0.00	0.00	0.00	252.96	23.00	0.31	0.000000
	30	2239.44	25977.50	0.00	0.00	0.00	0.00	0.00	252.96	23.00	0.31	0.000000
	31	2234.93	25925.13	0.00	0.00	0.00	0.00	0.00	252.45	23.00	0.31	0.000000
	32	2234.93	25925.13	0.00	0.00	0.00	0.00	0.00	252.45	23.00	0.31	0.000000
	33	2234.93	25925.13	0.00	0.00	0.00	0.00	0.00	252.45	23.00	0.31	0.000000
	34	2234.93	25925.13	0.00	0.00	0.00	0.00	0.00	252.45	23.00	0.31	0.000000
	35	2234.93	25925.13	0.00	0.00	0.00	0.00	0.00	252.45	23.00	0.31	0.000000
	36	2234.93	25925.13	0.00	0.00	0.00	0.00	0.00	252.45	23.00	0.31	0.000000
	37	2234.93	25925.13	0.00	0.00	0.00	0.00	0.00	252.45	23.00	0.31	0.000000
	38	2234.93	25925.13	0.00	0.00	0.00	0.00	0.00	252.45	23.00	0.31	0.000000
	39	2234.93	25925.13	0.00	0.00	0.00	0.00	0.00	252.45	23.00	0.31	0.000000
	40	2234.93	25925.13	0.00	0.00	0.00	0.00	0.00	252.45	23.00	0.31	0.000000
	41	2230.41	25872.76	0.00	0.00	0.00	0.00	0.00	251.94	23.00	0.30	0.000000
	42	2230.41	25872.76	0.00	0.00	0.00	0.00	0.00	251.94	23.00	0.30	0.000000
	43	2230.41	25872.76	0.00	0.00	0.00	0.00	0.00	251.94	23.00	0.30	0.000000
	44	2230.41	25872.76	0.00	0.00	0.00	0.00	0.00	251.94	23.00	0.30	0.000000
	45	2230.41	25872.76	0.00	0.00	0.00	0.00	0.00	251.94	23.00	0.30	0.000000
	46	2230.41	25872.76	0.00	0.00	0.00	0.00	0.00	251.94	23.00	0.30	0.000000
	47	2230.41	25872.76	0.00	0.00	0.00	0.00	0.00	251.94	23.00	0.30	0.000000
	48	2230.41	25872.76	0.00	0.00	0.00	0.00	0.00	251.94	23.00	0.30	0.000000
	49	2230.41	25872.76	0.00	0.00	0.00	0.00	0.00	251.94	23.00	0.30	0.000000
	50	2230.41	25872.76	0.00	0.00	0.00	0.00	0.00	251.94	23.00	0.30	0.000000
	51	2227.40	25837.84	0.00	0.00	0.00	0.00	0.00	251.60	23.00	0.30	0.000000
	52	2227.40	25837.84	0.00	0.00	0.00	0.00	0.00	251.60	23.00	0.30	0.000000
	53	2227.40	25837.84	0.00	0.00	0.00	0.00	0.00	251.60	23.00	0.30	0.000000
	54	2227.40	25837.84	0.00	0.00	0.00	0.00	0.00	251.60	23.00	0.30	0.000000
	55	2227.40	25837.84	0.00	0.00	0.00	0.00	0.00	251.60	23.00	0.30	0.000000
	56	2227.40	25837.84	0.00	0.00	0.00	0.00	0.00	251.60	23.00	0.30	0.000000
	57	2227.40	25837.84	0.00	0.00	0.00	0.00	0.00	251.60	23.00	0.30	0.000000
	58	2227.40	25837.84	0.00	0.00	0.00	0.00	0.00	251.60	23.00	0.30	0.000000
	59	2227.40	25837.84	0.00	0.00	0.00	0.00	0.00	251.60	23.00	0.30	0.000000
	60	2227.40	25837.84	0.00	0.00	0.00	0.00	0.00	251.60	23.00	0.30	0.000000
	61	2194.01	25450.51	0.00	0.00	0.00	0.00	0.00	250.69	23.00	0.30	0.000000
	62	2194.01	25450.51	0.00	0.00	0.00	0.00	0.00	250.69	23.00	0.30	0.000000
	63	2194.01	25450.51	0.00	0.00	0.00	0.00	0.00	250.69	23.00	0.30	0.000000
	64	2194.01	25450.51	0.00	0.00	0.00	0.00	0.00	250.69	23.00	0.30	0.000000
	65	2194.01	25450.51	0.00	0.00	0.00	0.00	0.00	250.69	23.00	0.30	0.000000
	66	2194.01	25450.51	0.00	0.00	0.00	0.00	0.00	250.69	23.00	0.30	0.000000
	67	2194.01	25450.51	0.00	0.00	0.00	0.00	0.00	250.69	23.00	0.30	0.000000
	68	2194.01	25450.51	0.00	0.00	0.00	0.00	0.00	250.69	23.00	0.30	0.000000
	69	2194.01	25450.51	0.00	0.00	0.00	0.00	0.00	250.69	23.00	0.30	0.000000
	70	2194.01	25450.51	0.00	0.00	0.00	0.00	0.00	250.69	23.00	0.30	0.000000
	71	2144.27	24873.49	0.00	0.00	0.00	0.00	0.00	249.33	23.00	0.30	0.000000
	72	2144.27	24873.49	0.00	0.00	0.00	0.00	0.00	249.33	23.00	0.30	0.000000
	73	2144.27	24873.49	0.00	0.00	0.00	0.00	0.00	249.33	23.00	0.30	0.000000
	74	2144.27	24873.49	0.00	0.00	0.00	0.00	0.00	249.33	23.00	0.30	0.000000
	75	2144.27	24873.49	0.00	0.00	0.00	0.00	0.00	249.33	23.00	0.30	0.000000
	76	2144.27	24873.49	0.00	0.00	0.00	0.00	0.00	249.33	23.00	0.30	0.000000
	77	2144.27	24873.49	0.00	0.00	0.00	0.00	0.00	249.33	23.00	0.30	0.000000
	78	2144.27	24873.49	0.00	0.00	0.00	0.00	0.00	249.33	23.00	0.30	0.000000
	79	2144.27	24873.49	0.00	0.00	0.00	0.00	0.00	249.33	23.00	0.30	0.000000
	80	2144.27	24873.49	0.00	0.00	0.00	0.00	0.00	249.33	23.00	0.30	0.000000
	81	2094.94	24301.27	0.00	0.00	0.00	0.00	0.00	247.97	23.00	0.28	0.000000
	82	2094.94	24301.27	0.00	0.00	0.00	0.00	0.00	247.97	23.00	0.28	0.000000
	83	2094.94	24301.27	0.00	0.00	0.00	0.00	0.00	247.97	23.00	0.28	0.000000
	84	2094.94	24301.27	0.00	0.00	0.00	0.00	0.00	247.97	23.00	0.28	0.000000
	85	2094.94	24301.27	0.00	0.00	0.00	0.00	0.00	247.97	23.00	0.28	0.000000
	86	2094.94	24301.27	0.00	0.00	0.00	0.00	0.00	247.97	23.00	0.28	0.000000
	87	2094.94	24301.27	0.00	0.00	0.00	0.00	0.00	247.97	23.00	0.28	0.000000
	88	2094.94	24301.27	0.00	0.00	0.00	0.00	0.00	247.97	23.00	0.28	0.000000
	89	2094.94	24301.27	0.00	0.00	0.00	0.00	0.00	247.97	23.00	0.28	0.000000
	90	2094.94	24301.27	0.00	0.00	0.00	0.00	0.00	247.97	23.00	0.28	0.000000
	91	2046.02	23733.84	0.00	0.00	0.00	0.00	0.00	246.61	23.00	0.28	0.000000
	92	2046.02	23733.84	0.00	0.00	0.00	0.00	0.00	246.61	23.00	0.28	0.000000
	93	2046.02	23733.84	0.00	0.00	0.00	0.00	0.00	246.61	23.00	0.28	0.000000
	94	2046.02	23733.84	0.00	0.00	0.00	0.00	0.00	246.61	23.00	0.28	0.000000
	95	2046.02	23733.84	0.00	0.00	0.00	0.00	0.00	246.61	23.00	0.28	0.000000
	96	2046.02	23733.84	0.00	0.00	0.00	0.00	0.00	246.61	23.00	0.28	0.000000
	97	2046.02	23733.84	0.00	0.00	0.00	0.00	0.00	246.61	23.00	0.28	0.000000
	98	2046.02	23733.84	0.00	0.00	0.00	0.00	0.00	246.61	23.00	0.28	0.000000
	99	2046.02	23733.84	0.00	0.00	0.00	0.00	0.00	246.61	23.00	0.28	0.000000
	100	2046.02	23733.84	0.00	0.00	0.00	0.00	0.00	246.61	23.00	0.28	0.000000
	101	1981.44	22984.70	0.00	0.00	0.00	0.00	0.00	244.80	23.00	0.28	0.000000
	102	1981.44	22984.70	0.00	0.00	0.00	0.00	0.00	244.80	23.00	0.28	0.000000
	103	1981.44	22984.70	0.00	0.00	0.00	0.00	0.00	244.80	23.00	0.28	0.000000
	104	1981.44	22984.70	0.00	0.00	0.00	0.00	0.00	244.80	23.00	0.28	0.000000
	105	1981.44	22984.70	0.00	0.00	0.00	0.00	0.00	244.80	23.00	0.28	0.000000
	106	1981.44	22984.70	0.00	0.00	0.00	0.00	0.00	244.80	23.00	0.28	0.000000
	107	1981.44	22984.70	0.00	0.00	0.00	0.00	0.00	244.80	23.00	0.28	0.000000
	108	1981.44	22984.70	0.00	0.00	0.00	0.00	0.00	244.80	23.00	0.28	0.000000
	109	1981.44	22984.70	0.00	0.00	0.00	0.00	0.00	244.80	23.00	0.28	0.000000
	110	1981.44	22984.70	0.00	0.00	0.00	0.00	0.00	244.80	23.00	0.28	0.000000
	111	1921.17	22285.59	0.00	0.00	0.00	0.00	0.00	232.16	23.00	0.28	0.000000
	112	1921.17	22285.59	0.00	0.00	0.00	0.00	0.00	232.16	23.00	0.28	0.000000
	113	1921.17	22285.59	0.00	0.00	0.00	0.00	0.00	232.16	23.00	0.28	0.000000
	114	1921.17	22285.59	0.00	0.00	0.00	0.00	0.00	232.16	23.00	0.28	0.000000
	115	1921.17	22285.59	0.00	0.00	0.00	0.00	0.00	232.16	23.00	0.28	0.000000
	116	1921.17	22285.59	0.00	0.00	0.00	0.00	0.00	232.16	23.00	0.28	0.000000
	117	1921.17	22285.59	0.00	0.00	0.00	0.00	0.00	232.16	23.00	0.28	0.000000
	118	1921.17	22285.59	0.00	0.00	0.00	0.00	0.00	232.16	23.00	0.28	0.000000
	119	1921.17	22285.59	0.00	0.00	0.00	0.00	0.00	232.16	23.00	0.28	0.000000
	120	1921.17	22285.59	0.00	0.00	0.00	0.00	0.00	232.16	23.00	0.28	0.000000
	121	1876.33	21765.44	0.00	0.00	0.00	0.00	0.00	222.68	23.00	0.28	0.000000
	122	1876.33	21765.44	0.00	0.00	0.00	0.00	0.00	222.68	23.00	0.28	0.000000
	123	1876.33	21765.44	0.00	0.00	0.00	0.00	0.00	222.68	23.00	0.28	0.000000
	124	1876.33	21765.44	0.00	0.00	0.00	0.00	0.00	222.68	23.00	0.28	0.000000
	125	1876.33	21765.44	0.00	0.00	0.00	0.00	0.00	222.68	23.00	0.28	0.000000
	126	1876.33	21765.44	0.00	0.00	0.00	0.00	0.00	222.68	23.00	0.28	0.000000
	127	1876.33	21765.44	0.00	0.00	0.00	0.00	0.00	222.68	23.00	0.28	0.000000
	128	1876.33	21765.44	0.00	0.00	0.00	0.00	0.00	222.68	23.00	0.28	0.000000
	129	1876.33	21765.44	0.00	0.00	0.00	0.00	0.00	222.68	23.00	0.28	0.000000
	130	1876.33	21765.44	0.00	0.00	0.00	0.00	0.00	222.68	23.00	0.28	0.000000
	131	1831.80	21248.88	0.00	0.00	0.00	0.00	0.00	213.20	23.00	0.28	0.000000
	132	1831.80	21248.88	0.00	0.00	0.00	0.00	0.00	213.20	23.00	0.28	0.000000
	133	1831.80	21248.88	0.00	0.00	0.00	0.00	0.00	213.20	23.00	0.28	0.000000
	134	1831.80	21248.88	0.00	0.00	0.00	0.00	0.00	213.20	23.00	0.28	0.000000
	135	1831.80	21248.88	0.00	0.00	0.00	0.00	0.00	213.20	23.00	0.28	0.000000
	136	1831.80	21248.88	0.00	0.00	0.00	0.00	0.00	213.20	23.00	0.28	0.000000
	137	1831.80	21248.88	0.00	0.00	0.00	0.00	0.00	213.20	23.00	0.28	0.000000
	138	1831.80	21248.88	0.00	0.00	0.00	0.00	0.00	213.20	23.00	0.28	0.000000
	139	1831.80	21248.88	0.00	0.00	0.00	0.00	0.00	213.20	23.00	0.28	0.000000
	140	1831.80	21248.88	0.00	0.00	0.00	0.00	0.00	213.20	23.00	0.28	0.000000
	141	1787.58	20735.91	0.00	0.00	0.00	0.00	0.00	203.72	23.00	0.30	0.000000
	142	1787.58	20735.91	0.00	0.00	0.00	0.00	0.00	203.72	23.00	0.30	0.000000
	143	1787.58	20735.91	0.00	0.00	0.00	0.00	0.00	203.72	23.00	0.30	0.000000
	144	1787.58	20735.91	0.00	0.00	0.00	0.00	0.00	203.72	23.00	0.30	0.000000
	145	1787.58	20735.91	0.00	0.00	0.00	0.00	0.00	203.72	23.00	0.30	0.000000
	146	1787.58	20735.91	0.00	0.00	0.00	0.00	0.00	203.72	23.00	0.30	0.000000
	147	1787.58	20735.91	0.00	0.00	0.00	0.00	0.00	203.72	23.00	0.30	0.000000
	148	1787.58	20735.91	0.00	0.00	0.00	0.00	0.00	203.72	23.00	0.30	0.000000
	149	1787.58	20735.91	0.00	0.00	0.00	0.00	0.00	203.72	23.00	0.30	0.000000
	150	1787.58	20735.91	0.00	0.00	0.00	0.00	0.00	203.72	23.00	0.30	0.000000
	151	1758.27	20395.93	0.00	0.00	0.00	0.00	0.00	197.40	23.00	0.30	0.000000
	152	1758.27	20395.93	0.00	0.00	0.00	0.00	0.00	197.40	23.00	0.30	0.000000
	153	1758.27	20395.93	0.00	0.00	0.00	0.00	0.00	197.40	23.00	0.30	0.000000
	154	1758.27	20395.93	0.00	0.00	0.00	0.00	0.00	197.40	23.00	0.30	0.000000
	155	1758.27	20395.93	0.00	0.00	0.00	0.00	0.00	197.40	23.00	0.30	0.000000
	156	1758.27	20395.93	0.00	0.00	0.00	0.00	0.00	197.40	23.00	0.30	0.000000
	157	1758.27	20395.93	0.00	0.00	0.00	0.00	0.00	197.40	23.00	0.30	0.000000
	158	1758.27	20395.93	0.00	0.00	0.00	0.00	0.00	197.40	23.00	0.30	0.000000
	159	1758.27	20395.93	0.00	0.00	0.00	0.00	0.00	197.40	23.00	0.30	0.000000
	160	1758.27	20395.93	0.00	0.00	0.00	0.00	0.00	197.40	23.00	0.30	0.000000
	161	1755.78	20367.00	0.00	0.00	0.00	0.00	0.00	197.12	23.00	0.30	0.000000
	162	1755.78	20367.00	0.00	0.00	0.00	0.00	0.00	197.12	23.00	0.30	0.000000
	163	1755.78	20367.00	0.00	0.00	0.00	0.00	0.00	197.12	23.00	0.30	0.000000
	164	1755.78	20367.00	0.00	0.00	0.00	0.00	0.00	197.12	23.00	0.30	0.000000
	165	1755.78	20367.00	0.00	0.00	0.00	0.00	0.00	197.12	23.00	0.30	0.000000
	166	1755.78	20367.00	0.00	0.00	0.00	0.00	0.00	197.12	23.00	0.30	0.000000
	167	1755.78	20367.00	0.00	0.00	0.00	0.00	0.00	197.12	23.00	0.30	0.000000
	168	1755.78	20367.00	0.00	0.00	0.00	0.00	0.00	197.12	23.00	0.30	0.000000
	169	1755.78	20367.00	0.00	0.00	0.00	0.00	0.00	197.12	23.00	0.30	0.000000
	170	1755.78	20367.00	0.00	0.00	0.00	0.00	0.00	197.12	23.00	0.30	0.000000
	171	1752.04	20323.61	0.00	0.00	0.00	0.00	0.00	196.70	23.00	0.30	0.000000
	172	1752.04	20323.61	0.00	0.00	0.00	0.00	0.00	196.70	23.00	0.30	0.000000
	173	1752.04	20323.61	0.00	0.00	0.00	0.00	0.00	196.70	23.00	0.30	0.000000
	174	1752.04	20323.61	0.00	0.00	0.00	0.00	0.00	196.70	23.00	0.30	0.000000
	175	1752.04	20323.61	0.00	0.00	0.00	0.00	0.00	196.70	23.00	0.30	0.000000
	176	1752.04	20323.61	0.00	0.00	0.00	0.00	0.00	196.70	23.00	0.30	0.000000
	177	1752.04	20323.61	0.00	0.00	0.00	0.00	0.00	196.70	23.00	0.30	0.000000
	178	1752.04	20323.61	0.00	0.00	0.00	0.00	0.00	196.70	23.00	0.30	0.000000
	179	1752.04	20323.61	0.00	0.00	0.00	0.00	0.00	196.70	23.00	0.30	0.000000
	180	1752.04	20323.61	0.00	0.00	0.00	0.00	0.00	196.70	23.00	0.30	0.000000
	181	1748.29	20280.21	0.00	0.00	0.00	0.00	0.00	196.28	23.00	0.32	0.000000
	182	1748.29	20280.21	0.00	0.00	0.00	0.00	0.00	196.28	23.00	0.32	0.000000
	183	1748.29	20280.21	0.00	0.00	0.00	0.00	0.00	196.28	23.00	0.32	0.000000
	184	1748.29	20280.21	0.00	0.00	0.00	0.00	0.00	196.28	23.00	0.32	0.000000
	185	1748.29	20280.21	0.00	0.00	0.00	0.00	0.00	196.28	23.00	0.32	0.000000
	186	1748.29	20280.21	0.00	0.00	0.00	0.00	0.00	196.28	23.00	0.32	0.000000
	187	1748.29	20280.21	0.00	0.00	0.00	0.00	0.00	196.28	23.00	0.32	0.000000
	188	1748.29	20280.21	0.00	0.00	0.00	0.00	0.00	196.28	23.00	0.32	0.000000
	189	1748.29	20280.21	0.00	0.00	0.00	0.00	0.00	196.28	23.00	0.32	0.000000
	190	1748.29	20280.21	0.00	0.00	0.00	0.00	0.00	196.28	23.00	0.32	0.000000
	191	1745.80	20251.28	0.00	0.00	0.00	0.00	0.00	196.00	23.00	0.32	0.000000
	192	1745.80	20251.28	0.00	0.00	0.00	0.00	0.00	196.00	23.00	0.32	0.000000
	193	1745.80	20251.28	0.00	0.00	0.00	0.00	0.00	196.00	23.00	0.32	0.000000
	194	1745.80	20251.28	0.00	0.00	0.00	0.00	0.00	196.00	23.00	0.32	0.000000
	195	1745.80	20251.28	0.00	0.00	0.00	0.00	0.00	196.00	23.00	0.32	0.000000
	196	1745.80	20251.28	0.00	0.00	0.00	0.00	0.00	196.00	23.00	0.32	0.000000
	197	1745.80	20251.28	0.00	0.00	0.00	0.00	0.00	196.00	23.00	0.32	0.000000
	198	1745.80	20251.28	0.00	0.00	0.00	0.00	0.00	196.00	23.00	0.32	0.000000
	199	1745.80	20251.28	0.00	0.00	0.00	0.00	0.00	196.00	23.00	0.32	0.000000
	200	1745.80	20251.28	0.00	0.00	0.00	0.00	0.00	196.00	23.00	0.32	0.000000
	201	1702.44	19748.34	0.00	0.00	0.00	0.00	0.00	191.69	23.00	0.32	0.000000
	202	1702.44	19748.34	0.00	0.00	0.00	0.00	0.00	191.69	23.00	0.32	0.000000
	203	1702.44	19748.34	0.00	0.00	0.00	0.00	0.00	191.69	23.00	0.32	0.000000
	204	1702.44	19748.34	0.00	0.00	0.00	0.00	0.00	191.69	23.00	0.32	0.000000
	205	1702.44	19748.34	0.00	0.00	0.00	0.00	0.00	191.69	23.00	0.32	0.000000
	206	1702.44	19748.34	0.00	0.00	0.00	0.00	0.00	191.69	23.00	0.32	0.000000
	207	1702.44	19748.34	0.00	0.00	0.00	0.00	0.00	191.69	23.00	0.32	0.000000
	208	1702.44	19748.34	0.00	0.00	0.00	0.00	0.00	191.69	23.00	0.32	0.000000
	209	1702.44	19748.34	0.00	0.00	0.00	0.00	0.00	191.69	23.00	0.32	0.000000
	210	1702.44	19748.34	0.00	0.00	0.00	0.00	0.00	191.69	23.00	0.32	0.000000
	211	1637.52	18995.24	0.00	0.00	0.00	0.00	0.00	185.23	23.00	0.32	0.000000
	212	1637.52	18995.24	0.00	0.00	0.00	0.00	0.00	185.23	23.00	0.32	0.000000
	213	1637.52	18995.24	0.00	0.00	0.00	0.00	0.00	185.23	23.00	0.32	0.000000
	214	1637.52	18995.24	0.00	0.00	0.00	0.00	0.00	185.23	23.00	0.32	0.000000
	215	1637.52	18995.24	0.00	0.00	0.00	0.00	0.00	185.23	23.00	0.32	0.000000
	216	1637.52	18995.24	0.00	0.00	0.00	0.00	0.00	185.23	23.00	0.32	0.000000
	217	1637.52	18995.24	0.00	0.00	0.00	0.00	0.00	185.23	23.00	0.32	0.000000
	218	1637.52	18995.24	0.00	0.00	0.00	0.00	0.00	185.23	23.00	0.32	0.000000
	219	1637.52	18995.24	0.00	0.00	0.00	0.00	0.00	185.23	23.00	0.32	0.000000
	220	1637.52	18995.24	0.00	0.00	0.00	0.00	0.00	185.23	23.00	0.32	0.000000
	221	1572.73	18243.71	0.00	0.00	0.00	0.00	0.00	178.76	23.00	0.34	0.000000
	222	1572.73	18243.71	0.00	0.00	0.00	0.00	0.00	178.76	23.00	0.34	0.000000
	223	1572.73	18243.71	0.00	0.00	0.00	0.00	0.00	178.76	23.00	0.34	0.000000
	224	1572.73	18243.71	0.00	0.00	0.00	0.00	0.00	178.76	23.00	0.34	0.000000
	225	1572.73	18243.71	0.00	0.00	0.00	0.00	0.00	178.76	23.00	0.34	0.000000
	226	1572.73	18243.71	0.00	0.00	0.00	0.00	0.00	178.76	23.00	0.34	0.000000
	227	1572.73	18243.71	0.00	0.00	0.00	0.00	0.00	178.76	23.00	0.34	0.000000
	228	1572.73	18243.71	0.00	0.00	0.00	0.00	0.00	178.76	23.00	0.34	0.000000
	229	1572.73	18243.71	0.00	0.00	0.00	0.00	0.00	178.76	23.00	0.34	0.000000
	230	1572.73	18243.71	0.00	0.00	0.00	0.00	0.00	178.76	23.00	0.34	0.000000
	231	1508.08	17493.75	0.00	0.00	0.00	0.00	0.00	172.30	23.00	0.34	0.000000
	232	1508.08	17493.75	0.00	0.00	0.00	0.00	0.00	172.30	23.00	0.34	0.000000
	233	1508.08	17493.75	0.00	0.00	0.00	0.00	0.00	172.30	23.00	0.34	0.000000
	234	1508.08	17493.75	0.00	0.00	0.00	0.00	0.00	172.30	23.00	0.34	0.000000
	235	1508.08	17493.75	0.00	0.00	0.00	0.00	0.00	172.30	23.00	0.34	0.000000
	236	1508.08	17493.75	0.00	0.00	0.00	0.00	0.00	172.30	23.00	0.34	0.000000
	237	1508.08	17493.75	0.00	0.00	0.00	0.00	0.00	172.30	23.00	0.34	0.000000
	238	1508.08	17493.75	0.00	0.00	0.00	0.00	0.00	172.30	23.00	0.34	0.000000
	239	1508.08	17493.75	0.00	0.00	0.00	0.00	0.00	172.30	23.00	0.34	0.000000
	240	1508.08	17493.75	0.00	0.00	0.00	0.00	0.00	172.30	23.00	0.34	0.000000
	241	1443.35	16742.87	0.00	0.00	0.00	0.00	0.00	165.81	23.00	0.34	0.000000
	242	1443.35	16742.87	0.00	0.00	0.00	0.00	0.00	165.81	23.00	0.34	0.000000
	243	1443.35	16742.87	0.00	0.00	0.00	0.00	0.00	165.81	23.00	0.34	0.000000
	244	1443.35	16742.87	0.00	0.00	0.00	0.00	0.00	165.81	23.00	0.34	0.000000
	245	1443.35	16742.87	0.00	0.00	0.00	0.00	0.00	165.81	23.00	0.34	0.000000
	246	1443.35	16742.87	0.00	0.00	0.00	0.00	0.00	165.81	23.00	0.34	0.000000
	247	1443.35	16742.87	0.00	0.00	0.00	0.00	0.00	165.81	23.00	0.34	0.000000
	248	1443.35	16742.87	0.00	0.00	0.00	0.00	0.00	165.81	23.00	0.34	0.000000
	249	1443.35	16742.87	0.00	0.00	0.00	0.00	0.00	165.81	23.00	0.34	0.000000
	250	1443.35	16742.87	0.00	0.00	0.00	0.00	0.00	165.81	23.00	0.34	0.000000
	251	1378.76	15993.57	0.00	0.00	0.00	0.00	0.00	159.32	23.00	0.34	0.000000
	252	1378.76	15993.57	0.00	0.00	0.00	0.00	0.00	159.32	23.00	0.34	0.000000
	253	1378.76	15993.57	0.00	0.00	0.00	0.00	0.00	159.32	23.00	0.34	0.000000
	254	1378.76	15993.57	0.00	0.00	0.00	0.00	0.00	159.32	23.00	0.34	0.000000
	255	1378.76	15993.57	0.00	0.00	0.00	0.00	0.00	159.32	23.00	0.34	0.000000
	256	1378.76	15993.57	0.00	0.00	0.00	0.00	0.00	159.32	23.00	0.34	0.000000
	257	1378.76	15993.57	0.00	0.00	0.00	0.00	0.00	159.32	23.00	0.34	0.000000
	258	1378.76	15993.57	0.00	0.00	0.00	0.00	0.00	159.32	23.00	0.34	0.000000
	259	1378.76	15993.57	0.00	0.00	0.00	0.00	0.00	159.32	23.00	0.34	0.000000
	260	1378.76	15993.57	0.00	0.00	0.00	0.00	0.00	159.32	23.00	0.34	0.000000
	261	1314.94	15253.30	0.00	0.00	0.00	0.00	0.00	152.90	23.00	0.34	0.000000
	262	1314.94	15253.30	0.00	0.00	0.00	0.00	0.00	152.90	23.00	0.34	0.000000
	263	1314.94	15253.30	0.00	0.00	0.00	0.00	0.00	152.90	23.00	0.34	0.000000
	264	1314.94	15253.30	0.00	0.00	0.00	0.00	0.00	152.90	23.00	0.34	0.000000
	265	1314.94	15253.30	0.00	0.00	0.00	0.00	0.00	152.90	23.00	0.34	0.000000
	266	1314.94	15253.30	0.00	0.00	0.00	0.00	0.00	152.90	23.00	0.34	0.000000
	267	1314.94	15253.30	0.00	0.00	0.00	0.00	0.00	152.90	23.00	0.34	0.000000
	268	1314.94	15253.30	0.00	0.00	0.00	0.00	0.00	152.90	23.00	0.34	0.000000
	269	1314.94	15253.30	0.00	0.00	0.00	0.00	0.00	152.90	23.00	0.34	0.000000
	270	1314.94	15253.30	0.00	0.00	0.00	0.00	0.00	152.90	23.00	0.34	0.000000
	271	1261.51	14633.46	0.00	0.00	0.00	0.00	0.00	146.00	23.00	0.34	0.000000
	272	1261.51	14633.46	0.00	0.00	0.00	0.00	0.00	146.00	23.00	0.34	0.000000
	273	1261.51	14633.46	0.00	0.00	0.00	0.00	0.00	146.00	23.00	0.34	0.000000
	274	1261.51	14633.46	0.00	0.00	0.00	0.00	0.00	146.00	23.00	0.34	0.000000
	275	1261.51	14633.46	0.00	0.00	0.00	0.00	0.00	146.00	23.00	0.34	0.000000
	276	1261.51	14633.46	0.00	0.00	0.00	0.00	0.00	146.00	23.00	0.34	0.000000
	277	1261.51	14633.46	0.00	0.00	0.00	0.00	0.00	146.00	23.00	0.34	0.000000
	278	1261.51	14633.46	0.00	0.00	0.00	0.00	0.00	146.00	23.00	0.34	0.000000
	279	1261.51	14633.46	0.00	0.00	0.00	0.00	0.00	146.00	23.00	0.34	0.000000
	280	1261.51	14633.46	0.00	0.00	0.00	0.00	0.00	146.00	23.00	0.34	0.000000
	281	1207.53	14007.39	0.00	0.00	0.00	0.00	0.00	139.02	23.00	0.34	0.000000
	282	1207.53	14007.39	0.00	0.00	0.00	0.00	0.00	139.02	23.00	0.34	0.000000
	283	1207.53	14007.39	0.00	0.00	0.00	0.00	0.00	139.02	23.00	0.34	0.000000
	284	1207.53	14007.39	0.00	0.00	0.00	0.00	0.00	139.02	23.00	0.34	0.000000
	285	1207.53	14007.39	0.00	0.00	0.00	0.00	0.00	139.02	23.00	0.34	0.000000
	286	1207.53	14007.39	0.00	0.00	0.00	0.00	0.00	139.02	23.00	0.34	0.000000
	287	1207.53	14007.39	0.00	0.00	0.00	0.00	0.00	139.02	23.00	0.34	0.000000
	288	1207.53	14007.39	0.00	0.00	0.00	0.00	0.00	139.02	23.00	0.34	0.000000
	289	1207.53	14007.39	0.00	0.00	0.00	0.00	0.00	139.02	23.00	0.34	0.000000
	290	1207.53	14007.39	0.00	0.00	0.00	0.00	0.00	139.02	23.00	0.34	0.000000
	291	1153.56	13381.31	0.00	0.00	0.00	0.00	0.00	132.05	23.00	0.34	0.000000
	292	1153.56	13381.31	0.00	0.00	0.00	0.00	0.00	132.05	23.00	0.34	0.000000
	293	1153.56	13381.31	0.00	0.00	0.00	0.00	0.00	132.05	23.00	0.34	0.000000
	294	1153.56	13381.31	0.00	0.00	0.00	0.00	0.00	132.05	23.00	0.34	0.000000
	295	1153.56	13381.31	0.00	0.00	0.00	0.00	0.00	132.05	23.00	0.34	0.000000
	296	1153.56	13381.31	0.00	0.00	0.00	0.00	0.00	132.05	23.00	0.34	0.000000
	297	1153.56	13381.31	0.00	0.00	0.00	0.00	0.00	132.05	23.00	0.34	0.000000
	298	1153.56	13381.31	0.00	0.00	0.00	0.00	0.00	132.05	23.00	0.34	0.000000
	299	1153.56	13381.31	0.00	0.00	0.00	0.00	0.00	132.05	23.00	0.34	0.000000
	300	1153.56	13381.31	0.00	0.00	0.00	0.00	0.00	132.05	23.00	0.34	0.000000
	301	1099.77	12757.31	0.00	0.00	0.00	0.00	0.00	125.10	23.00	0.34	0.000000
	302	1099.77	12757.31	0.00	0.00	0.00	0.00	0.00	125.10	23.00	0.34	0.000000
	303	1099.77	12757.31	0.00	0.00	0.00	0.00	0.00	125.10	23.00	0.34	0.000000
	304	1099.77	12757.31	0.00	0.00	0.00	0.00	0.00	125.10	23.00	0.34	0.000000
	305	1099.77	12757.31	0.00	0.00	0.00	0.00	0.00	125.10	23.00	0.34	0.000000
	306	1099.77	12757.31	0.00	0.00	0.00	0.00	0.00	125.10	23.00	0.34	0.000000
	307	1099.77	12757.31	0.00	0.00	0.00	0.00	0.00	125.10	23.00	0.34	0.000000
	308	1099.77	12757.31	0.00	0.00	0.00	0.00	0.00	125.10	23.00	0.34	0.000000
	309	1099.77	12757.31	0.00	0.00	0.00	0.00	0.00	125.10	23.00	0.34	0.000000
	310	1099.77	12757.31	0.00	0.00	0.00	0.00	0.00	125.10	23.00	0.34	0.000000
	311	1045.98	12133.31	0.00	0.00	0.00	0.00	0.00	118.15	23.00	0.34	0.000000
	312	1045.98	12133.31	0.00	0.00	0.00	0.00	0.00	118.15	23.00	0.34	0.000000
	313	1045.98	12133.31	0.00	0.00	0.00	0.00	0.00	118.15	23.00	0.34	0.000000
	314	1045.98	12133.31	0.00	0.00	0.00	0.00	0.00	118.15	23.00	0.34	0.000000
	315	1045.98	12133.31	0.00	0.00	0.00	0.00	0.00	118.15	23.00	0.34	0.000000
	316	1045.98	12133.31	0.00	0.00	0.00	0.00	0.00	118.15	23.00	0.34	0.000000
	317	1045.98	12133.31	0.00	0.00	0.00	0.00	0.00	118.15	23.00	0.34	0.000000
	318	1045.98	12133.31	0.00	0.00	0.00	0.00	0.00	118.15	23.00	0.34	0.000000
	319	1045.98	12133.31	0.00	0.00	0.00	0.00	0.00	118.15	23.00	0.34	0.000000
	320	1045.98	12133.31	0.00	0.00	0.00	0.00	0.00	118.15	23.00	0.34	0.000000
	321	992.18	11509.31	0.00	0.00	0.00	0.00	0.00	111.20	23.00	0.37	0.000000
	322	992.18	11509.31	0.00	0.00	0.00	0.00	0.00	111.20	23.00	0.37	0.000000
	323	992.18	11509.31	0.00	0.00	0.00	0.00	0.00	111.20	23.00	0.37	0.000000
	324	992.18	11509.31	0.00	0.00	0.00	0.00	0.00	111.20	23.00	0.37	0.000000
	325	992.18	11509.31	0.00	0.00	0.00	0.00	0.00	111.20	23.00	0.37	0.000000
	326	992.18	11509.31	0.00	0.00	0.00	0.00	0.00	111.20	23.00	0.37	0.000000
	327	992.18	11509.31	0.00	0.00	0.00	0.00	0.00	111.20	23.00	0.37	0.000000
	328	992.18	11509.31	0.00	0.00	0.00	0.00	0.00	111.20	23.00	0.37	0.000000
	329	992.18	11509.31	0.00	0.00	0.00	0.00	0.00	111.20	23.00	0.37	0.000000
	330	992.18	11509.31	0.00	0.00	0.00	0.00	0.00	111.20	23.00	0.37	0.000000
	331	938.39	10885.31	0.00	0.00	0.00	0.00	0.00	104.25	23.00	0.37	0.000000
	332	938.39	10885.31	0.00	0.00	0.00	0.00	0.00	104.25	23.00	0.37	0.000000
	333	938.39	10885.31	0.00	0.00	0.00	0.00	0.00	104.25	23.00	0.37	0.000000
	334	938.39	10885.31	0.00	0.00	0.00	0.00	0.00	104.25	23.00	0.37	0.000000
	335	938.39	10885.31	0.00	0.00	0.00	0.00	0.00	104.25	23.00	0.37	0.000000
	336	938.39	10885.31	0.00	0.00	0.00	0.00	0.00	104.25	23.00	0.37	0.000000
	337	938.39	10885.31	0.00	0.00	0.00	0.00	0.00	104.25	23.00	0.37	0.000000
	338	938.39	10885.31	0.00	0.00	0.00	0.00	0.00	104.25	23.00	0.37	0.000000
	339	938.39	10885.31	0.00	0.00	0.00	0.00	0.00	104.25	23.00	0.37	0.000000
	340	938.39	10885.31	0.00	0.00	0.00	0.00	0.00	104.25	23.00	0.37	0.000000
	341	884.42	10259.23	0.00	0.00	0.00	0.00	0.00	97.28	23.00	0.37	0.000000
	342	884.42	10259.23	0.00	0.00	0.00	0.00	0.00	97.28	23.00	0.37	0.000000
	343	884.42	10259.23	0.00	0.00	0.00	0.00	0.00	97.28	23.00	0.37	0.000000
	344	884.42	10259.23	0.00	0.00	0.00	0.00	0.00	97.28	23.00	0.37	0.000000
	345	884.42	10259.23	0.00	0.00	0.00	0.00	0.00	97.28	23.00	0.37	0.000000
	346	884.42	10259.23	0.00	0.00	0.00	0.00	0.00	97.28	23.00	0.37	0.000000
	347	884.42	10259.23	0.00	0.00	0.00	0.00	0.00	97.28	23.00	0.37	0.000000
	348	884.42	10259.23	0.00	0.00	0.00	0.00	0.00	97.28	23.00	0.37	0.000000
	349	884.42	10259.23	0.00	0.00	0.00	0.00	0.00	97.28	23.00	0.37	0.000000
	350	884.42	10259.23	0.00	0.00	0.00	0.00	0.00	97.28	23.00	0.37	0.000000
	351	830.44	9633.16	0.00	0.00	0.00	0.00	0.00	90.30	23.00	0.37	0.000000
	352	830.44	9633.16	0.00	0.00	0.00	0.00	0.00	90.30	23.00	0.37	0.000000
	353	830.44	9633.16	0.00	0.00	0.00	0.00	0.00	90.30	23.00	0.37	0.000000
	354	830.44	9633.16	0.00	0.00	0.00	0.00	0.00	90.30	23.00	0.37	0.000000
	355	830.44	9633.16	0.00	0.00	0.00	0.00	0.00	90.30	23.00	0.37	0.000000
	356	830.44	9633.16	0.00	0.00	0.00	0.00	0.00	90.30	23.00	0.37	0.000000
	357	830.44	9633.16	0.00	0.00	0.00	0.00	0.00	90.30	23.00	0.37	0.000000
	358	830.44	9633.16	0.00	0.00	0.00	0.00	0.00	90.30	23.00	0.37	0.000000
	359	830.44	9633.16	0.00	0.00	0.00	0.00	0.00	90.30	23.00	0.37	0.000000
	360	830.44	9633.16	0.00	0.00	0.00	0.00	0.00	90.30	23.00	0.37	0.000000
	361	777.01	9013.32	0.00	0.00	0.00	0.00	0.00	83.40	23.00	0.37	0.000000
	362	777.01	9013.32	0.00	0.00	0.00	0.00	0.00	83.40	23.00	0.37	0.000000
	363	777.01	9013.32	0.00	0.00	0.00	0.00	0.00	83.40	23.00	0.37	0.000000
	364	777.01	9013.32	0.00	0.00	0.00	0.00	0.00	83.40	23.00	0.37	0.000000
	365	777.01	9013.32	0.00	0.00	0.00	0.00	0.00	83.40	23.00	0.37	0.000000
	366	777.01	9013.32	0.00	0.00	0.00	0.00	0.00	83.40	23.00	0.37	0.000000
	367	777.01	9013.32	0.00	0.00	0.00	0.00	0.00	83.40	23.00	0.37	0.000000
	368	777.01	9013.32	0.00	0.00	0.00	0.00	0.00	83.40	23.00	0.37	0.000000
	369	777.01	9013.32	0.00	0.00	0.00	0.00	0.00	83.40	23.00	0.37	0.000000
	370	777.01	9013.32	0.00	0.00	0.00	0.00	0.00	83.40	23.00	0.37	0.000000
	371	738.65	8568.30	0.00	0.00	0.00	0.00	0.00	79.58	23.00	0.37	0.000000
	372	738.65	8568.30	0.00	0.00	0.00	0.00	0.00	79.58	23.00	0.37	0.000000
	373	738.65	8568.30	0.00	0.00	0.00	0.00	0.00	79.58	23.00	0.37	0.000000
	374	738.65	8568.30	0.00	0.00	0.00	0.00	0.00	79.58	23.00	0.37	0.000000
	375	738.65	8568.30	0.00	0.00	0.00	0.00	0.00	79.58	23.00	0.37	0.000000
	376	738.65	8568.30	0.00	0.00	0.00	0.00	0.00	79.58	23.00	0.37	0.000000
	377	738.65	8568.30	0.00	0.00	0.00	0.00	0.00	79.58	23.00	0.37	0.000000
	378	738.65	8568.30	0.00	0.00	0.00	0.00	0.00	79.58	23.00	0.37	0.000000
	379	738.65	8568.30	0.00	0.00	0.00	0.00	0.00	79.58	23.00	0.37	0.000000
	380	738.65	8568.30	0.00	0.00	0.00	0.00	0.00	79.58	23.00	0.37	0.000000
	381	699.90	8118.81	0.00	0.00	0.00	0.00	0.00	75.71	23.00	0.37	0.000000
	382	699.90	8118.81	0.00	0.00	0.00	0.00	0.00	75.71	23.00	0.37	0.000000
	383	699.90	8118.81	0.00	0.00	0.00	0.00	0.00	75.71	23.00	0.37	0.000000
	384	699.90	8118.81	0.00	0.00	0.00	0.00	0.00	75.71	23.00	0.37	0.000000
	385	699.90	8118.81	0.00	0.00	0.00	0.00	0.00	75.71	23.00	0.37	0.000000
	386	699.90	8118.81	0.00	0.00	0.00	0.00	0.00	75.71	23.00	0.37	0.000000
	387	699.90	8118.81	0.00	0.00	0.00	0.00	0.00	75.71	23.00	0.37	0.000000
	388	699.90	8118.81	0.00	0.00	0.00	0.00	0.00	75.71	23.00	0.37	0.000000
	389	699.90	8118.81	0.00	0.00	0.00	0.00	0.00	75.71	23.00	0.37	0.000000
	390	699.90	8118.81	0.00	0.00	0.00	0.00	0.00	75.71	23.00	0.37	0.000000
	391	661.15	7669.32	0.00	0.00	0.00	0.00	0.00	71.85	23.00	0.37	0.000000
	392	661.15	7669.32	0.00	0.00	0.00	0.00	0.00	71.85	23.00	0.37	0.000000
	393	661.15	7669.32	0.00	0.00	0.00	0.00	0.00	71.85	23.00	0.37	0.000000
	394	661.15	7669.32	0.00	0.00	0.00	0.00	0.00	71.85	23.00	0.37	0.000000
	395	661.15	7669.32	0.00	0.00	0.00	0.00	0.00	71.85	23.00	0.37	0.000000
	396	661.15	7669.32	0.00	0.00	0.00	0.00	0.00	71.85	23.00	0.37	0.000000
	397	661.15	7669.32	0.00	0.00	0.00	0.00	0.00	71.85	23.00	0.37	0.000000
	398	661.15	7669.32	0.00	0.00	0.00	0.00	0.00	71.85	23.00	0.37	0.000000
	399	661.15	7669.32	0.00	0.00	0.00	0.00	0.00	71.85	23.00	0.37	0.000000
	400	661.15	7669.32	0.00	0.00	0.00	0.00	0.00	71.85	23.00	0.37	0.000000
	401	622.53	7221.32	0.00	0.00	0.00	0.00	0.00	68.00	23.00	0.37	0.000000
	402	622.53	7221.32	0.00	0.00	0.00	0.00	0.00	68.00	23.00	0.37	0.000000
	403	622.53	7221.32	0.00	0.00	0.00	0.00	0.00	68.00	23.00	0.37	0.000000
	404	622.53	7221.32	0.00	0.00	0.00	0.00	0.00	68.00	23.00	0.37	0.000000
	405	622.53	7221.32	0.00	0.00	0.00	0.00	0.00	68.00	23.00	0.37	0.000000
	406	622.53	7221.32	0.00	0.00	0.00	0.00	0.00	68.00	23.00	0.37	0.000000
	407	622.53	7221.32	0.00	0.00	0.00	0.00	0.00	68.00	23.00	0.37	0.000000
	408	622.53	7221.32	0.00	0.00	0.00	0.00	0.00	68.00	23.00	0.37	0.000000
	409	622.53	7221.32	0.00	0.00	0.00	0.00	0.00	68.00	23.00	0.37	0.000000
	410	622.53	7221.32	0.00	0.00	0.00	0.00	0.00	68.00	23.00	0.37	0.000000
	411	583.91	6773.32	0.00	0.00	0.00	0.00	0.00	64.15	23.00	0.37	0.000000
	412	583.91	6773.32	0.00	0.00	0.00	0.00	0.00	64.15	23.00	0.37	0.000000
	413	583.91	6773.32	0.00	0.00	0.00	0.00	0.00	64.15	23.00	0.37	0.000000
	414	583.91	6773.32	0.00	0.00	0.00	0.00	0.00	64.15	23.00	0.37	0.000000
	415	583.91	6773.32	0.00	0.00	0.00	0.00	0.00	64.15	23.00	0.37	0.000000
	416	583.91	6773.32	0.00	0.00	0.00	0.00	0.00	64.15	23.00	0.37	0.000000
	417	583.91	6773.32	0.00	0.00	0.00	0.00	0.00	64.15	23.00	0.37	0.000000
	418	583.91	6773.32	0.00	0.00	0.00	0.00	0.00	64.15	23.00	0.37	0.000000
	419	583.91	6773.32	0.00	0.00	0.00	0.00	0.00	64.15	23.00	0.37	0.000000
	420	583.91	6773.32	0.00	0.00	0.00	0.00	0.00	64.15	23.00	0.37	0.000000
	421	545.29	6325.32	0.00	0.00	0.00	0.00	0.00	60.30	23.00	-200.00	0.000000
	422	545.29	6325.32	0.00	0.00	0.00	0.00	0.00	60.30	23.00	-200.00	0.000000
	423	545.29	6325.32	0.00	0.00	0.00	0.00	0.00	60.30	23.00	-200.00	0.000000
	424	545.29	6325.32	0.00	0.00	0.00	0.00	0.00	60.30	23.00	-200.00	0.000000
	425	545.29	6325.32	0.00	0.00	0.00	0.00	0.00	60.30	23.00	-200.00	0.000000
	426	545.29	6325.32	0.00	0.00	0.00	0.00	0.00	60.30	23.00	-200.00	0.000000
	427	545.29	6325.32	0.00	0.00	0.00	0.00	0.00	60.30	23.00	-200.00	0.000000
	428	545.29	6325.32	0.00	0.00	0.00	0.00	0.00	60.30	23.00	-200.00	0.000000
	429	545.29	6325.32	0.00	0.00	0.00	0.00	0.00	60.30	23.00	-200.00	0.000000
	430	545.29	6325.32	0.00	0.00	0.00	0.00	0.00	60.30	23.00	-200.00	0.000000
	431	506.67	5877.32	0.00	0.00	0.00	0.00	0.00	56.46	23.00	-200.00	0.000000
	432	506.67	5877.32	0.00	0.00	0.00	0.00	0.00	56.46	23.00	-200.00	0.000000
	433	506.67	5877.32	0.00	0.00	0.00	0.00	0.00	56.46	23.00	-200.00	0.000000
	434	506.67	5877.32	0.00	0.00	0.00	0.00	0.00	56.46	23.00	-200.00	0.000000
	435	506.67	5877.32	0.00	0.00	0.00	0.00	0.00	56.46	23.00	-200.00	0.000000
	436	506.67	5877.32	0.00	0.00	0.00	0.00	0.00	56.46	23.00	-200.00	0.000000
	437	506.67	5877.32	0.00	0.00	0.00	0.00	0.00	56.46	23.00	-200.00	0.000000
	438	506.67	5877.32	0.00	0.00	0.00	0.00	0.00	56.46	23.00	-200.00	0.000000
	439	506.67	5877.32	0.00	0.00	0.00	0.00	0.00	56.46	23.00	-200.00	0.000000
	440	506.67	5877.32	0.00	0.00	0.00	0.00	0.00	56.46	23.00	-200.00	0.000000
	441	467.92	5427.83	0.00	0.00	0.00	0.00	0.00	52.59	23.00	-200.00	0.000000
	442	467.92	5427.83	0.00	0.00	0.00	0.00	0.00	52.59	23.00	-200.00	0.000000
	443	467.92	5427.83	0.00	0.00	0.00	0.00	0.00	52.59	23.00	-200.00	0.000000
	444	467.92	5427.83	0.00	0.00	0.00	0.00	0.00	52.59	23.00	-200.00	0.000000
	445	467.92	5427.83	0.00	0.00	0.00	0.00	0.00	52.59	23.00	-200.00	0.000000
	446	467.92	5427.83	0.00	0.00	0.00	0.00	0.00	52.59	23.00	-200.00	0.000000
	447	467.92	5427.83	0.00	0.00	0.00	0.00	0.00	52.59	23.00	-200.00	0.000000
	448	467.92	5427.83	0.00	0.00	0.00	0.00	0.00	52.59	23.00	-200.00	0.000000
	449	467.92	5427.83	0.00	0.00	0.00	0.00	0.00	52.59	23.00	-200.00	0.000000
	450	467.92	5427.83	0.00	0.00	0.00	0.00	0.00	52.59	23.00	-200.00	0.000000
	451	429.17	4978.34	0.00	0.00	0.00	0.00	0.00	48.73	23.00	-200.00	0.000000
	452	429.17	4978.34	0.00	0.00	0.00	0.00	0.00	48.73	23.00	-200.00	0.000000
	453	429.17	4978.34	0.00	0.00	0.00	0.00	0.00	48.73	23.00	-200.00	0.000000
	454	429.17	4978.34	0.00	0.00	0.00	0.00	0.00	48.73	23.00	-200.00	0.000000
	455	429.17	4978.34	0.00	0.00	0.00	0.00	0.00	48.73	23.00	-200.00	0.000000
	456	429.17	4978.34	0.00	0.00	0.00	0.00	0.00	48.73	23.00	-200.00	0.000000
	457	429.17	4978.34	0.00	0.00	0.00	0.00	0.00	48.73	23.00	-200.00	0.000000
	458	429.17	4978.34	0.00	0.00	0.00	0.00	0.00	48.73	23.00	-200.00	0.000000
	459	429.17	4978.34	0.00	0.00	0.00	0.00	0.00	48.73	23.00	-200.00	0.000000
	460	429.17	4978.34	0.00	0.00	0.00	0.00	0.00	48.73	23.00	-200.00	0.000000
	461	390.42	4528.84	0.00	0.00	0.00	0.00	0.00	44.87	23.00	-200.00	0.000000
	462	390.42	4528.84	0.00	0.00	0.00	0.00	0.00	44.87	23.00	-200.00	0.000000
	463	390.42	4528.84	0.00	0.00	0.00	0.00	0.00	44.87	23.00	-200.00	0.000000
	464	390.42	4528.84	0.00	0.00	0.00	0.00	0.00	44.87	23.00	-200.00	0.000000
	465	390.42	4528.84	0.00	0.00	0.00	0.00	0.00	44.87	23.00	-200.00	0.000000
	466	390.42	4528.84	0.00	0.00	0.00	0.00	0.00	44.87	23.00	-200.00	0.000000
	467	390.42	4528.84	0.00	0.00	0.00	0.00	0.00	44.87	23.00	-200.00	0.000000
	468	390.42	4528.84	0.00	0.00	0.00	0.00	0.00	44.87	23.00	-200.00	0.000000
	469	390.42	4528.84	0.00	0.00	0.00	0.00	0.00	44.87	23.00	-200.00	0.000000
	470	390.42	4528.84	0.00	0.00	0.00	0.00	0.00	44.87	23.00	-200.00	0.000000
	471	358.62	4159.99	0.00	0.00	0.00	0.00	0.00	41.70	23.00	-200.00	0.000000
	472	358.62	4159.99	0.00	0.00	0.00	0.00	0.00	41.70	23.00	-200.00	0.000000
	473	358.62	4159.99	0.00	0.00	0.00	0.00	0.00	41.70	23.00	-200.00	0.000000
	474	358.62	4159.99	0.00	0.00	0.00	0.00	0.00	41.70	23.00	-200.00	0.000000
	475	358.62	4159.99	0.00	0.00	0.00	0.00	0.00	41.70	23.00	-200.00	0.000000
	476	358.62	4159.99	0.00	0.00	0.00	0.00	0.00	41.70	23.00	-200.00	0.000000
	477	358.62	4159.99	0.00	0.00	0.00	0.00	0.00	41.70	23.00	-200.00	0.000000
	478	358.62	4159.99	0.00	0.00	0.00	0.00	0.00	41.70	23.00	-200.00	0.000000
	479	358.62	4159.99	0.00	0.00	0.00	0.00	0.00	41.70	23.00	-200.00	0.000000
	480	358.62	4159.99	0.00	0.00	0.00	0.00	0.00	41.70	23.00	-200.00	0.000000
	481	349.87	4058.51	0.00	0.00	0.00	0.00	0.00	40.68	23.00	-200.00	0.000000
	482	349.87	4058.51	0.00	0.00	0.00	0.00	0.00	40.68	23.00	-200.00	0.000000
	483	349.87	4058.51	0.00	0.00	0.00	0.00	0.00	40.68	23.00	-200.00	0.000000
	484	349.87	4058.51	0.00	0.00	0.00	0.00	0.00	40.68	23.00	-200.00	0.000000
	485	349.87	4058.51	0.00	0.00	0.00	0.00	0.00	40.68	23.00	-200.00	0.000000
	486	349.87	4058.51	0.00	0.00	0.00	0.00	0.00	40.68	23.00	-200.00	0.000000
	487	349.87	4058.51	0.00	0.00	0.00	0.00	0.00	40.68	23.00	-200.00	0.000000
	488	349.87	4058.51	0.00	0.00	0.00	0.00	0.00	40.68	23.00	-200.00	0.000000
	489	349.87	4058.51	0.00	0.00	0.00	0.00	0.00	40.68	23.00	-200.00	0.000000
	490	349.87	4058.51	0.00	0.00	0.00	0.00	0.00	40.68	23.00	-200.00	0.000000
	491	339.21	3934.84	0.00	0.00	0.00	0.00	0.00	39.44	23.00	-200.00	0.000000
	492	339.21	3934.84	0.00	0.00	0.00	0.00	0.00	39.44	23.00	-200.00	0.000000
	493	339.21	3934.84	0.00	0.00	0.00	0.00	0.00	39.44	23.00	-200.00	0.000000
	494	339.21	3934.84	0.00	0.00	0.00	0.00	0.00	39.44	23.00	-200.00	0.000000
	495	339.21	3934.84	0.00	0.00	0.00	0.00	0.00	39.44	23.00	-200.00	0.000000
	496	339.21	3934.84	0.00	0.00	0.00	0.00	0.00	39.44	23.00	-200.00	0.000000
	497	339.21	3934.84	0.00	0.00	0.00	0.00	0.00	39.44	23.00	-200.00	0.000000
	498	339.21	3934.84	0.00	0.00	0.00	0.00	0.00	39.44	23.00	-200.00	0.000000
	499	339.21	3934.84	0.00	0.00	0.00	0.00	0.00	39.44	23.00	-200.00	0.000000
	500	339.21	3934.84	0.00	0.00	0.00	0.00	0.00	39.44	23.00	-200.00	0.000000
	501	328.55	3811.17	0.00	0.00	0.00	0.00	0.00	38.20	23.00	-200.00	0.000000
	502	328.55	3811.17	0.00	0.00	0.00	0.00	0.00	38.20	23.00	-200.00	0.000000
	503	328.55	3811.17	0.00	0.00	0.00	0.00	0.00	38.20	23.00	-200.00	0.000000
	504	328.55	3811.17	0.00	0.00	0.00	0.00	0.00	38.20	23.00	-200.00	0.000000
	505	328.55	3811.17	0.00	0.00	0.00	0.00	0.00	38.20	23.00	-200.00	0.000000
	506	328.55	3811.17	0.00	0.00	0.00	0.00	0.00	38.20	23.00	-200.00	0.000000
	507	328.55	3811.17	0.00	0.00	0.00	0.00	0.00	38.20	23.00	-200.00	0.000000
	508	328.55	3811.17	0.00	0.00	0.00	0.00	0.00	38.20	23.00	-200.00	0.000000
	509	328.55	3811.17	0.00	0.00	0.00	0.00	0.00	38.20	23.00	-200.00	0.000000
	510	328.55	3811.17	0.00	0.00	0.00	0.00	0.00	38.20	23.00	-200.00	0.000000
	511	317.89	3687.50	0.00	0.00	0.00	0.00	0.00	36.96	23.00	-200.00	0.000000
	512	317.89	3687.50	0.00	0.00	0.00	0.00	0.00	36.96	23.00	-200.00	0.000000
	513	317.89	3687.50	0.00	0.00	0.00	0.00	0.00	36.96	23.00	-200.00	0.000000
	514	317.89	3687.50	0.00	0.00	0.00	0.00	0.00	36.96	23.00	-200.00	0.000000
	515	317.89	3687.50	0.00	0.00	0.00	0.00	0.00	36.96	23.00	-200.00	0.000000
	516	317.89	3687.50	0.00	0.00	0.00	0.00	0.00	36.96	23.00	-200.00	0.000000
	517	317.89	3687.50	0.00	0.00	0.00	0.00	0.00	36.96	23.00	-200.00	0.000000
	518	317.89	3687.50	0.00	0.00	0.00	0.00	0.00	36.96	23.00	-200.00	0.000000
	519	317.89	3687.50	0.00	0.00	0.00	0.00	0.00	36.96	23.00	-200.00	0.000000
	520	317.89	3687.50	0.00	0.00	0.00	0.00	0.00	36.96	23.00	-200.00	0.000000
	521	307.26	3564.24	0.00	0.00	0.00	0.00	0.00	35.73	23.00	-200.00	0.000000
	522	307.26	3564.24	0.00	0.00	0.00	0.00	0.00	35.73	23.00	-200.00	0.000000
	523	307.26	3564.24	0.00	0.00	0.00	0.00	0.00	35.73	23.00	-200.00	0.000000
	524	307.26	3564.24	0.00	0.00	0.00	0.00	0.00	35.73	23.00	-200.00	0.000000
	525	307.26	3564.24	0.00	0.00	0.00	0.00	0.00	35.73	23.00	-200.00	0.000000
	526	307.26	3564.24	0.00	0.00	0.00	0.00	0.00	35.73	23.00	-200.00	0.000000
	527	307.26	3564.24	0.00	0.00	0.00	0.00	0.00	35.73	23.00	-200.00	0.000000
	528	307.26	3564.24	0.00	0.00	0.00	0.00	0.00	35.73	23.00	-200.00	0.000000
	529	307.26	3564.24	0.00	0.00	0.00	0.00	0.00	35.73	23.00	-200.00	0.000000
	530	307.26	3564.24	0.00	0.00	0.00	0.00	0.00	35.73	23.00	-200.00	0.000000
	531	296.64	3440.98	0.00	0.00	0.00	0.00	0.00	34.49	23.00	-200.00	0.000000
	532	296.64	3440.98	0.00	0.00	0.00	0.00	0.00	34.49	23.00	-200.00	0.000000
	533	296.64	3440.98	0.00	0.00	0.00	0.00	0.00	34.49	23.00	-200.00	0.000000
	534	296.64	3440.98	0.00	0.00	0.00	0.00	0.00	34.49	23.00	-200.00	0.000000
	535	296.64	3440.98	0.00	0.00	0.00	0.00	0.00	34.49	23.00	-200.00	0.000000
	536	296.64	3440.98	0.00	0.00	0.00	0.00	0.00	34.49	23.00	-200.00	0.000000
	537	296.64	3440.98	0.00	0.00	0.00	0.00	0.00	34.49	23.00	-200.00	0.000000
	538	296.64	3440.98	0.00	0.00	0.00	0.00	0.00	34.49	23.00	-200.00	0.000000
	539	296.64	3440.98	0.00	0.00	0.00	0.00	0.00	34.49	23.00	-200.00	0.000000
	540	296.64	3440.98	0.00	0.00	0.00	0.00	0.00	34.49	23.00	-200.00	0.000000
	541	286.01	3317.72	0.00	0.00	0.00	0.00	0.00	33.26	23.00	-200.00	0.000000
	542	286.01	3317.72	0.00	0.00	0.00	0.00	0.00	33.26	23.00	-200.00	0.000000
	543	286.01	3317.72	0.00	0.00	0.00	0.00	0.00	33.26	23.00	-200.00	0.000000
	544	286.01	3317.72	0.00	0.00	0.00	0.00	0.00	33.26	23.00	-200.00	0.000000
	545	286.01	3317.72	0.00	0.00	0.00	0.00	0.00	33.26	23.00	-200.00	0.000000
	546	286.01	3317.72	0.00	0.00	0.00	0.00	0.00	33.26	23.00	-200.00	0.000000
	547	286.01	3317.72	0.00	0.00	0.00	0.00	0.00	33.26	23.00	-200.00	0.000000
	548	286.01	3317.72	0.00	0.00	0.00	0.00	0.00	33.26	23.00	-200.00	0.000000
	549	286.01	3317.72	0.00	0.00	0.00	0.00	0.00	33.26	23.00	-200.00	0.000000
	550	286.01	3317.72	0.00	0.00	0.00	0.00	0.00	33.26	23.00	-200.00	0.000000
	551	275.38	3194.46	0.00	0.00	0.00	0.00	0.00	32.02	23.00	-200.00	0.000000
	552	275.38	3194.46	0.00	0.00	0.00	0.00	0.00	32.02	23.00	-200.00	0.000000
	553	275.38	3194.46	0.00	0.00	0.00	0.00	0.00	32.02	23.00	-200.00	0.000000
	554	275.38	3194.46	0.00	0.00	0.00	0.00	0.00	32.02	23.00	-200.00	0.000000
	555	275.38	3194.46	0.00	0.00	0.00	0.00	0.00	32.02	23.00	-200.00	0.000000
	556	275.38	3194.46	0.00	0.00	0.00	0.00	0.00	32.02	23.00	-200.00	0.000000
	557	275.38	3194.46	0.00	0.00	0.00	0.00	0.00	32.02	23.00	-200.00	0.000000
	558	275.38	3194.46	0.00	0.00	0.00	0.00	0.00	32.02	23.00	-200.00	0.000000
	559	275.38	3194.46	0.00	0.00	0.00	0.00	0.00	32.02	23.00	-200.00	0.000000
	560	275.38	3194.46	0.00	0.00	0.00	0.00	0.00	32.02	23.00	-200.00	0.000000
	561	264.72	3070.79	0.00	0.00	0.00	0.00	0.00	30.78	23.00	-200.00	0.000000
	562	264.72	3070.79	0.00	0.00	0.00	0.00	0.00	30.78	23.00	-200.00	0.000000
	563	264.72	3070.79	0.00	0.00	0.00	0.00	0.00	30.78	23.00	-200.00	0.000000
	564	264.72	3070.79	0.00	0.00	0.00	0.00	0.00	30.78	23.00	-200.00	0.000000
	565	264.72	3070.79	0.00	0.00	0.00	0.00	0.00	30.78	23.00	-200.00	0.000000
	566	264.72	3070.79	0.00	0.00	0.00	0.00	0.00	30.78	23.00	-200.00	0.000000
	567	264.72	3070.79	0.00	0.00	0.00	0.00	0.00	30.78	23.00	-200.00	0.000000
	568	264.72	3070.79	0.00	0.00	0.00	0.00	0.00	30.78	23.00	-200.00	0.000000
	569	264.72	3070.79	0.00	0.00	0.00	0.00	0.00	30.78	23.00	-200.00	0.000000
	570	264.72	3070.79	0.00	0.00	0.00	0.00	0.00	30.78	23.00	-200.00	0.000000
	571	254.06	2947.12	0.00	0.00	0.00	0.00	0.00	29.54	23.00	-200.00	0.000000
	572	254.06	2947.12	0.00	0.00	0.00	0.00	0.00	29.54	23.00	-200.00	0.000000
	573	254.06	2947.12	0.00	0.00	0.00	0.00	0.00	29.54	23.00	-200.00	0.000000
	574	254.06	2947.12	0.00	0.00	0.00	0.00	0.00	29.54	23.00	-200.00	0.000000
	575	254.06	2947.12	0.00	0.00	0.00	0.00	0.00	29.54	23.00	-200.00	0.000000
	576	254.06	2947.12	0.00	0.00	0.00	0.00	0.00	29.54	23.00	-200.00	0.000000
	577	254.06	2947.12	0.00	0.00	0.00	0.00	0.00	29.54	23.00	-200.00	0.000000
	578	254.06	2947.12	0.00	0.00	0.00	0.00	0.00	29.54	23.00	-200.00	0.000000
	579	254.06	2947.12	0.00	0.00	0.00	0.00	0.00	29.54	23.00	-200.00	0.000000
	580	254.06	2947.12	0.00	0.00	0.00	0.00	0.00	29.54	23.00	-200.00	0.000000
	581	243.40	2823.45	0.00	0.00	0.00	0.00	0.00	28.30	23.00	-200.00	0.000000
	582	243.40	2823.45	0.00	0.00	0.00	0.00	0.00	28.30	23.00	-200.00	0.000000
	583	243.40	2823.45	0.00	0.00	0.00	0.00	0.00	28.30	23.00	-200.00	0.000000
	584	243.40	2823.45	0.00	0.00	0.00	0.00	0.00	28.30	23.00	-200.00	0.000000
	585	243.40	2823.45	0.00	0.00	0.00	0.00	0.00	28.30	23.00	-200.00	0.000000
	586	243.40	2823.45	0.00	0.00	0.00	0.00	0.00	28.30	23.00	-200.00	0.000000
	587	243.40	2823.45	0.00	0.00	0.00	0.00	0.00	28.30	23.00	-200.00	0.000000
	588	243.40	2823.45	0.00	0.00	0.00	0.00	0.00	28.30	23.00	-200.00	0.000000
	589	243.40	2823.45	0.00	0.00	0.00	0.00	0.00	28.30	23.00	-200.00	0.000000
	590	243.40	2823.45	0.00	0.00	0.00	0.00	0.00	28.30	23.00	-200.00	0.000000
	591	232.70	2699.37	0.00	0.00	0.00	0.00	0.00	27.06	23.00	-200.00	0.000000
	592	232.70	2699.37	0.00	0.00	0.00	0.00	0.00	27.06	23.00	-200.00	0.000000
	593	232.70	2699.37	0.00	0.00	0.00	0.00	0.00	27.06	23.00	-200.00	0.000000
	594	232.70	2699.37	0.00	0.00	0.00	0.00	0.00	27.06	23.00	-200.00	0.000000
	595	232.70	2699.37	0.00	0.00	0.00	0.00	0.00	27.06	23.00	-200.00	0.000000
	596	232.70	2699.37	0.00	0.00	0.00	0.00	0.00	27.06	23.00	-200.00	0.000000
	597	232.70	2699.37	0.00	0.00	0.00	0.00	0.00	27.06	23.00	-200.00	0.000000
	598	232.70	2699.37	0.00	0.00	0.00	0.00	0.00	27.06	23.00	-200.00	0.000000
	599	232.70	2699.37	0.00	0.00	0.00	0.00	0.00	27.06	23.00	-200.00	0.000000
	600	232.70	2699.37	0.00	0.00	0.00	0.00	0.00	27.06	23.00	-200.00	0.000000
	601	222.04	2575.70	0.00	0.00	0.00	0.00	0.00	25.82	23.00	-200.00	0.000000
	602	222.04	2575.70	0.00	0.00	0.00	0.00	0.00	25.82	23.00	-200.00	0.000000
	603	222.04	2575.70	0.00	0.00	0.00	0.00	0.00	25.82	23.00	-200.00	0.000000
	604	222.04	2575.70	0.00	0.00	0.00	0.00	0.00	25.82	23.00	-200.00	0.000000
	605	222.04	2575.70	0.00	0.00	0.00	0.00	0.00	25.82	23.00	-200.00	0.000000
	606	222.04	2575.70	0.00	0.00	0.00	0.00	0.00	25.82	23.00	-200.00	0.000000
	607	222.04	2575.70	0.00	0.00	0.00	0.00	0.00	25.82	23.00	-200.00	0.000000
	608	222.04	2575.70	0.00	0.00	0.00	0.00	0.00	25.82	23.00	-200.00	0.000000
	609	222.04	2575.70	0.00	0.00	0.00	0.00	0.00	25.82	23.00	-200.00	0.000000
	610	222.04	2575.70	0.00	0.00	0.00	0.00	0.00	25.82	23.00	-200.00	0.000000
	611	208.09	2413.82	0.00	0.00	0.00	0.00	0.00	24.20	23.00	-200.00	0.000000
	612	208.09	2413.82	0.00	0.00	0.00	0.00	0.00	24.20	23.00	-200.00	0.000000
	613	208.09	2413.82	0.00	0.00	0.00	0.00	0.00	24.20	23.00	-200.00	0.000000
	614	208.09	2413.82	0.00	0.00	0.00	0.00	0.00	24.20	23.00	-200.00	0.000000
	615	208.09	2413.82	0.00	0.00	0.00	0.00	0.00	24.20	23.00	-200.00	0.000000
	616	208.09	2413.82	0.00	0.00	0.00	0.00	0.00	24.20	23.00	-200.00	0.000000
	617	208.09	2413.82	0.00	0.00	0.00	0.00	0.00	24.20	23.00	-200.00	0.000000
	618	208.09	2413.82	0.00	0.00	0.00	0.00	0.00	24.20	23.00	-200.00	0.000000
	619	208.09	2413.82	0.00	0.00	0.00	0.00	0.00	24.20	23.00	-200.00	0.000000
	620	208.09	2413.82	0.00	0.00	0.00	0.00	0.00	24.20	23.00	-200.00	0.000000
	621	194.13	2251.94	0.00	0.00	0.00	0.00	0.00	22.57	23.00	-200.00	0.000000
	622	194.13	2251.94	0.00	0.00	0.00	0.00	0.00	22.57	23.00	-200.00	0.000000
	623	194.13	2251.94	0.00	0.00	0.00	0.00	0.00	22.57	23.00	-200.00	0.000000
	624	194.13	2251.94	0.00	0.00	0.00	0.00	0.00	22.57	23.00	-200.00	0.000000
	625	194.13	2251.94	0.00	0.00	0.00	0.00	0.00	22.57	23.00	-200.00	0.000000
	626	194.13	2251.94	0.00	0.00	0.00	0.00	0.00	22.57	23.00	-200.00	0.000000
	627	194.13	2251.94	0.00	0.00	0.00	0.00	0.00	22.57	23.00	-200.00	0.000000
	628	194.13	2251.94	0.00	0.00	0.00	0.00	0.00	22.57	23.00	-200.00	0.000000
	629	194.13	2251.94	0.00	0.00	0.00	0.00	0.00	22.57	23.00	-200.00	0.000000
	630	194.13	2251.94	0.00	0.00	0.00	0.00	0.00	22.57	23.00	-200.00	0.000000
	631	183.47	2128.27	0.00	0.00	0.00	0.00	0.00	21.33	23.00	-200.00	0.000000
	632	183.47	2128.27	0.00	0.00	0.00	0.00	0.00	21.33	23.00	-200.00	0.000000
	633	183.47	2128.27	0.00	0.00	0.00	0.00	0.00	21.33	23.00	-200.00	0.000000
	634	183.47	2128.27	0.00	0.00	0.00	0.00	0.00	21.33	23.00	-200.00	0.000000
	635	183.47	2128.27	0.00	0.00	0.00	0.00	0.00	21.33	23.00	-200.00	0.000000
	636	183.47	2128.27	0.00	0.00	0.00	0.00	0.00	21.33	23.00	-200.00	0.000000
	637	183.47	2128.27	0.00	0.00	0.00	0.00	0.00	21.33	23.00	-200.00	0.000000
	638	183.47	2128.27	0.00	0.00	0.00	0.00	0.00	21.33	23.00	-200.00	0.000000
	639	183.47	2128.27	0.00	0.00	0.00	0.00	0.00	21.33	23.00	-200.00	0.000000
	640	183.47	2128.27	0.00	0.00	0.00	0.00	0.00	21.33	23.00	-200.00	0.000000
	641	172.78	2004.19	0.00	0.00	0.00	0.00	0.00	20.09	23.00	-200.00	0.000000
	642	172.78	2004.19	0.00	0.00	0.00	0.00	0.00	20.09	23.00	-200.00	0.000000
	643	172.78	2004.19	0.00	0.00	0.00	0.00	0.00	20.09	23.00	-200.00	0.000000
	644	172.78	2004.19	0.00	0.00	0.00	0.00	0.00	20.09	23.00	-200.00	0.000000
	645	172.78	2004.19	0.00	0.00	0.00	0.00	0.00	20.09	23.00	-200.00	0.000000
	646	172.78	2004.19	0.00	0.00	0.00	0.00	0.00	20.09	23.00	-200.00	0.000000
	647	172.78	2004.19	0.00	0.00	0.00	0.00	0.00	20.09	23.00	-200.00	0.000000
	648	172.78	2004.19	0.00	0.00	0.00	0.00	0.00	20.09	23.00	-200.00	0.000000
	649	172.78	2004.19	0.00	0.00	0.00	0.00	0.00	20.09	23.00	-200.00	0.000000
	650	172.78	2004.19	0.00	0.00	0.00	0.00	0.00	20.09	23.00	-200.00	0.000000
	651	162.11	1880.52	0.00	0.00	0.00	0.00	0.00	18.85	23.00	-200.00	0.000000
	652	162.11	1880.52	0.00	0.00	0.00	0.00	0.00	18.85	23.00	-200.00	0.000000
	653	162.11	1880.52	0.00	0.00	0.00	0.00	0.00	18.85	23.00	-200.00	0.000000
	654	162.11	1880.52	0.00	0.00	0.00	0.00	0.00	18.85	23.00	-200.00	0.000000
	655	162.11	1880.52	0.00	0.00	0.00	0.00	0.00	18.85	23.00	-200.00	0.000000
	656	162.11	1880.52	0.00	0.00	0.00	0.00	0.00	18.85	23.00	-200.00	0.000000
	657	162.11	1880.52	0.00	0.00	0.00	0.00	0.00	18.85	23.00	-200.00	0.000000
	658	162.11	1880.52	0.00	0.00	0.00	0.00	0.00	18.85	23.00	-200.00	0.000000
	659	162.11	1880.52	0.00	0.00	0.00	0.00	0.00	18.85	23.00	-200.00	0.000000
	660	162.11	1880.52	0.00	0.00	0.00	0.00	0.00	18.85	23.00	-200.00	0.000000
	661	151.45	1756.85	0.00	0.00	0.00	0.00	0.00	17.61	23.00	-200.00	0.000000
	662	151.45	1756.85	0.00	0.00	0.00	0.00	0.00	17.61	23.00	-200.00	0.000000
	663	151.45	1756.85	0.00	0.00	0.00	0.00	0.00	17.61	23.00	-200.00	0.000000
	664	151.45	1756.85	0.00	0.00	0.00	0.00	0.00	17.61	23.00	-200.00	0.000000
	665	151.45	1756.85	0.00	0.00	0.00	0.00	0.00	17.61	23.00	-200.00	0.000000
	666	151.45	1756.85	0.00	0.00	0.00	0.00	0.00	17.61	23.00	-200.00	0.000000
	667	151.45	1756.85	0.00	0.00	0.00	0.00	0.00	17.61	23.00	-200.00	0.000000
	668	151.45	1756.85	0.00	0.00	0.00	0.00	0.00	17.61	23.00	-200.00	0.000000
	669	151.45	1756.85	0.00	0.00	0.00	0.00	0.00	17.61	23.00	-200.00	0.000000
	670	151.45	1756.85	0.00	0.00	0.00	0.00	0.00	17.61	23.00	-200.00	0.000000
	671	140.79	1633.18	0.00	0.00	0.00	0.00	0.00	16.37	23.00	-200.00	0.000000
	672	140.79	1633.18	0.00	0.00	0.00	0.00	0.00	16.37	23.00	-200.00	0.000000
	673	140.79	1633.18	0.00	0.00	0.00	0.00	0.00	16.37	23.00	-200.00	0.000000
	674	140.79	1633.18	0.00	0.00	0.00	0.00	0.00	16.37	23.00	-200.00	0.000000
	675	140.79	1633.18	0.00	0.00	0.00	0.00	0.00	16.37	23.00	-200.00	0.000000
	676	140.79	1633.18	0.00	0.00	0.00	0.00	0.00	16.37	23.00	-200.00	0.000000
	677	140.79	1633.18	0.00	0.00	0.00	0.00	0.00	16.37	23.00	-200.00	0.000000
	678	140.79	1633.18	0.00	0.00	0.00	0.00	0.00	16.37	23.00	-200.00	0.000000
	679	140.79	1633.18	0.00	0.00	0.00	0.00	0.00	16.37	23.00	-200.00	0.000000
	680	140.79	1633.18	0.00	0.00	0.00	0.00	0.00	16.37	23.00	-200.00	0.000000
	681	130.17	1509.92	0.00	0.00	0.00	0.00	0.00	15.14	23.00	-200.00	0.000000
	682	130.17	1509.92	0.00	0.00	0.00	0.00	0.00	15.14	23.00	-200.00	0.000000
	683	130.17	1509.92	0.00	0.00	0.00	0.00	0.00	15.14	23.00	-200.00	0.000000
	684	130.17	1509.92	0.00	0.00	0.00	0.00	0.00	15.14	23.00	-200.00	0.000000
	685	130.17	1509.92	0.00	0.00	0.00	0.00	0.00	15.14	23.00	-200.00	0.000000
	686	130.17	1509.92	0.00	0.00	0.00	0.00	0.00	15.14	23.00	-200.00	0.000000
	687	130.17	1509.92	0.00	0.00	0.00	0.00	0.00	15.14	23.00	-200.00	0.000000
	688	130.17	1509.92	0.00	0.00	0.00	0.00	0.00	15.14	23.00	-200.00	0.000000
	689	130.17	1509.92	0.00	0.00	0.00	0.00	0.00	15.14	23.00	-200.00	0.000000
	690	130.17	1509.92	0.00	0.00	0.00	0.00	0.00	15.14	23.00	-200.00	0.000000
