           *** Material information ****                                                                   g/g  
   thr       ths         tha       th      Alfa      n        Ks         Kk       thk       BulkD     OM    Sand    Silt    InitType
    0.075    0.450    0.075    0.450    0.00568    1.32673    4.595    4.595    0.450    1.49 0.03000    0.12    0.55   'w'
    0.077    0.456    0.077    0.456    0.00563    1.31701    4.518    4.518    0.456    1.48 0.03000    0.12    0.55   'w'
    0.080    0.468    0.080    0.468    0.00763    1.26752    5.777    5.777    0.468    1.44 0.02800    0.12    0.55   'w'
    0.083    0.479    0.083    0.479    0.00794    1.26017    6.718    6.718    0.479    1.41 0.02500    0.12    0.55   'w'
    0.084    0.481    0.084    0.481    0.00811    1.26087    7.348    7.348    0.481    1.40 0.02500    0.12    0.55   'w'
    0.084    0.483    0.084    0.483    0.00827    1.26155    8.027    8.027    0.483    1.39 0.01900    0.12    0.55   'w'
    0.084    0.483    0.084    0.483    0.00827    1.26155    8.027    8.027    0.483    1.39 0.01100    0.12    0.55   'w'
    0.084    0.483    0.084    0.483    0.00827    1.26155    8.027    8.027    0.483    1.39 0.00500    0.12    0.55   'm'
    0.084    0.483    0.084    0.483    0.00827    1.26155    8.027    8.027    0.483    1.39 0.00200    0.12    0.55   'm'

